$ 1 0.000005 105.18789638808724 59 5 50 5e-11
c 128 224 208 224 4 1e-9 1.859605344671664 0.001 0
c 368 48 448 48 4 1e-9 -7.060715848593223 0.001 0
w 448 48 448 96 0
w 368 48 368 80 0
w 208 224 208 256 0
w 128 224 128 272 0
g 208 288 208 304 0 0
g 368 112 368 128 0 0
r 208 224 272 224 0 47000
r 272 224 272 288 0 5600000
174 336 272 336 336 5 100000 0.0149 Resistance
w 320 304 272 288 0
r 336 336 336 384 0 100
g 336 384 336 400 0 0
w 416 272 336 272 0
r 416 224 496 224 0 68000
w 496 224 496 256 0
w 416 224 416 272 0
r 496 336 432 336 0 2200
g 432 336 432 352 0 0
w 496 336 496 288 0
r 496 336 496 464 0 33000
34 zener-4.3 1 1.7143528192810002e-7 0 2.0000000000000084 4.3 1
z 256 464 304 464 2 zener-4.3
z 352 464 304 464 2 zener-4.3
r 352 464 352 528 0 2200
g 352 528 352 544 0 0
w 352 464 496 464 0
w 256 464 128 272 0
r 128 176 496 176 0 2200000
w 496 224 496 176 0
w 128 176 128 224 0
r 496 176 448 96 0 68000
r 368 48 304 48 0 47000
r 304 48 240 48 0 5600000
174 224 16 224 80 1 100000 0.005 Resistance
r 224 80 224 128 0 100
g 224 128 224 144 0 0
w 224 16 128 16 0
w 128 16 128 176 0
409 512 -48 624 -48 1 0.6 -4.249764379597551 0.0231 0
r 448 48 512 -64 0 68000
g 512 -32 512 -16 0 0
R 560 -80 560 -112 0 0 40 12 0 0 0.5
R 560 -16 560 16 0 0 40 -12 0 0 0.5
r 512 -128 624 -128 0 68000
w 624 -128 624 -48 0
w 512 -128 512 -64 0
409 368 96 448 96 1 0.6 -18.52176618183368 0.0231 0
R 400 64 400 48 0 0 40 12 0 0 0.5
R 400 128 400 144 0 0 40 -12 0 0 0.5
409 496 272 416 272 1 0.6 -4.174560638326333 0.0231 0
R 464 240 464 224 0 0 40 12 0 0 0.5
R 464 304 464 320 0 0 40 -12 0 0 0.5
409 208 272 128 272 1 0.6 -13.279459267897069 0.0231 0
R 176 240 176 224 0 0 40 12 0 0 0.5
R 176 304 176 320 0 0 40 -12 0 0 0.5
r 256 464 320 624 0 68000
409 320 640 432 640 1 0.6 -9.488027418081483 0.0231 0
r 320 576 432 576 0 68000
w 432 576 432 640 0
w 320 576 320 624 0
R 368 608 368 576 0 0 40 12 0 0 0.5
R 368 672 368 688 0 0 40 -12 0 0 0.5
g 320 656 320 672 0 0
r 432 640 512 640 0 1000
r 256 464 192 464 0 1000
r 448 48 512 48 0 1000
r 624 -48 688 -48 0 1000
w 512 48 528 48 0
w 192 464 176 464 0
w 512 640 528 640 0
w 688 -48 704 -48 0
o 71 64 0 4099 10 0.00009765625 0 8 71 3 68 0 68 3 69 0 69 3 70 0 70 3
