$ 1 0.000005 6.450009306485578 42 5 43 5e-11
a -576 160 -496 160 8 12 -12 1000000 -0.000005806766130252955 0 100000
r -720 144 -656 144 0 100000
g -624 176 -624 192 0 0
w -576 176 -624 176 0
w -656 144 -656 80 0
w -496 160 -496 80 0
r -624 80 -544 80 0 100000
w -656 80 -624 80 0
w -544 80 -496 80 0
w -656 80 -656 -16 0
d -656 -16 -592 -16 2 1N4148
d -592 -48 -656 -48 2 1N4148
w -656 -48 -656 -16 0
w -592 -16 -592 -48 0
r -592 -48 -496 -48 0 33000
w -496 -16 -496 -48 0
r -496 -16 -432 -16 0 2700
g -432 -16 -432 0 0 0
w -496 -16 -496 80 0
R -864 160 -912 160 0 1 400 1 0 0 0.5
w -720 144 -768 144 0
d -304 144 -336 144 2 1N4148
d -240 144 -272 144 2 1N4148
d -176 144 -208 144 2 1N4148
d -112 144 -144 144 2 1N4148
d -48 144 -80 144 2 1N4148
d 16 144 -16 144 2 1N4148
d 80 144 48 144 2 1N4148
d 144 144 112 144 2 1N4148
d -336 96 -304 96 2 1N4148
d -272 96 -240 96 2 1N4148
d -208 96 -176 96 2 1N4148
d -144 96 -112 96 2 1N4148
d -80 96 -48 96 2 1N4148
d -16 96 16 96 2 1N4148
d 48 96 80 96 2 1N4148
d 112 96 144 96 2 1N4148
r -288 16 -288 64 0 15000
r -224 16 -224 64 0 15000
r -160 16 -160 64 0 15000
r -96 16 -96 64 0 15000
r -32 16 -32 64 0 15000
r 32 16 32 64 0 15000
r 96 16 96 64 0 15000
r 160 16 160 64 0 15000
w -288 64 -288 96 0
w -224 64 -224 96 0
w -160 64 -160 96 0
w -96 64 -96 96 0
w -32 64 -32 96 0
w 32 64 32 96 0
w 96 64 96 96 0
w 160 64 160 96 0
w -304 96 -288 96 0
w -288 96 -272 96 0
w -288 96 -288 144 0
w -304 144 -288 144 0
w -288 144 -272 144 0
w -336 144 -352 144 0
w -352 144 -352 96 0
w -352 96 -336 96 0
w -224 96 -224 144 0
w -240 96 -224 96 0
w -224 96 -208 96 0
w -208 144 -224 144 0
w -224 144 -240 144 0
w -176 96 -160 96 0
w -160 96 -144 96 0
w -160 96 -160 144 0
w -160 144 -176 144 0
w -160 144 -144 144 0
w -96 96 -112 96 0
w -96 96 -80 96 0
w -96 96 -96 144 0
w -112 144 -96 144 0
w -96 144 -80 144 0
w -48 96 -32 96 0
w -32 96 -16 96 0
w -32 96 -32 144 0
w -48 144 -32 144 0
w -32 144 -16 144 0
w 16 96 32 96 0
w 32 96 48 96 0
w 32 96 32 144 0
w 16 144 32 144 0
w 32 144 48 144 0
w 80 96 96 96 0
w 96 96 112 96 0
w 96 96 96 144 0
w 80 144 96 144 0
w 96 144 112 144 0
w 144 96 160 96 0
w 144 144 160 144 0
w 160 96 160 144 0
w -496 160 -368 160 0
w -368 160 -368 144 0
w -368 144 -352 144 0
w -288 16 -288 -16 0
w -288 -16 -160 -16 0
w -160 -16 -160 16 0
w -160 -16 -32 -16 0
w -32 -16 -32 16 0
w -32 -16 96 -16 0
w 96 -16 96 16 0
w -224 16 -224 -32 0
w -224 -32 -96 -32 0
w -96 -32 -96 16 0
w -96 -32 32 -32 0
w 32 -32 32 16 0
w 32 -32 160 -32 0
w 160 -32 160 16 0
r -368 -32 -320 -32 0 30100
w -320 -32 -272 -32 0
w -272 -32 -224 -32 0
174 -432 -96 -384 -64 1 10000 0.005 Fold Shape
w -368 -32 -368 -96 0
w -496 -96 -496 -48 0
a -224 -160 -144 -160 8 12 -12 1000000 8.222078408341733e-7 0 100000
a 160 -160 240 -160 8 12 -12 1000000 -0.0000011974771207155126 0 100000
w -272 -32 -272 -176 0
w -272 -176 -224 -176 0
g -256 -144 -256 -128 0 0
w -224 -144 -256 -144 0
r -272 -240 -144 -240 0 5600
w -272 -176 -272 -240 0
w -144 -160 -144 -240 0
r -144 -240 -48 -240 0 5600
w 96 -16 96 -176 0
w 96 -176 160 -176 0
g 112 -144 112 -128 0 0
w 160 -144 112 -144 0
r 96 -224 240 -224 0 56000
d 96 -272 240 -272 2 1N4148
d 240 -304 96 -304 2 1N4148
w -48 -240 96 -240 0
w 96 -176 96 -224 0
w 96 -224 96 -240 0
w 96 -240 96 -272 0
w 96 -272 96 -304 0
w 240 -304 240 -272 0
w 240 -272 240 -224 0
w 240 -224 240 -160 0
r 240 -160 352 -160 0 5600
a 352 -144 448 -144 8 12 -12 1000000 0.000032066370149174055 0 100000
r 352 -224 448 -224 0 150000
g 304 -128 304 -112 0 0
w 352 -128 304 -128 0
w 352 -160 352 -224 0
w 448 -224 448 -144 0
r 448 -144 528 -144 0 100
w -656 144 -576 144 0
w -496 -96 -480 -96 0
w -480 -96 -480 -64 0
w -480 -64 -400 -64 0
w -432 -96 -480 -96 0
a -864 144 -768 144 8 15 -15 1000000 -0.9961211564995652 -0.9961336080140215 100000
w -768 144 -768 64 0
w -768 64 -784 64 0
w -864 64 -864 128 0
174 -784 64 -816 16 1 500000 0.005 Fold Lvl
w -816 32 -864 32 0
w -864 32 -864 64 0
r -864 32 -928 32 0 10000
g -928 32 -928 48 0 0
o 148 2 0 4098 20 0.1 0 4 148 3 94 0 94 3
