$ 1 0.000005 10.20027730826997 50 5 43 5e-11
a 112 208 192 208 8 12 -12 1000000 -2.2301665850221752 -0.5851213730243211 100000
r 112 128 192 128 0 100000
174 192 128 272 96 1 100000 0.7178000000000001 Trim Freq Scale
w 240 96 192 96 0
w 192 96 192 128 0
w 288 128 288 208 0
w 192 208 288 208 0
r 288 208 368 208 0 51000
r -32 192 -112 192 0 100000
r -112 192 -112 256 0 100000
174 -112 256 -80 304 1 100000 0.21290000000000003 Freq CV Atten
g -112 320 -112 336 0 0
w -80 288 112 288 0
w 112 288 112 224 0
w 112 192 112 128 0
w 112 128 112 80 0
r 0 80 -80 80 0 100000
174 -112 48 -80 96 1 100000 0.797 Trim Freq Offset
R -112 48 -112 16 0 0 40 12 0 0 0.5
R -112 112 -112 144 0 0 40 -12 0 0 0.5
w 112 80 112 -32 0
w 0 80 112 80 0
w -32 192 112 192 0
R -32 0 -32 32 0 0 40 -12 0 0 0.5
R -32 -64 -32 -96 0 0 40 12 0 0 0.5
174 -32 -64 0 -16 1 100000 0.9950000000000001 Freq Lin
r 80 -32 0 -32 0 100000
w 80 -32 112 -32 0
174 -112 -176 -80 -128 1 100000 0.5990000000000001 Trim Freq Offset
r 0 -144 -80 -144 0 100000
g -112 -112 -112 -96 0 0
s -528 -288 -560 -288 0 0 false
w -112 -176 -112 -208 0
w -112 -208 -144 -208 0
w 0 -144 112 -144 0
w 112 -144 112 -32 0
R -560 -288 -592 -288 0 2 400 2.5 0 0 0.5
c 368 208 368 272 4 2.2e-10 0 0.001 0
r 432 208 432 272 0 1000
w 368 272 432 272 0
w 368 208 432 208 0
t 576 208 608 208 0 -1 24.000145687239183 11.36238814611225 100 default
t 704 208 672 208 0 -1 10.760571252241611 -0.6377751114556712 100 default
w 608 192 608 176 0
w 608 176 640 176 0
w 640 176 640 144 0
w 640 176 672 176 0
w 672 176 672 192 0
g 704 208 704 224 0 0
w 432 208 576 208 0
w 608 224 608 256 0
r 608 256 608 320 0 100000
R 608 320 608 352 0 0 40 -12 0 0 0.5
a 560 48 640 48 8 12 -12 1000000 -11.999982429671263 0 100000
r 640 144 640 80 0 2200
w 640 80 640 48 0
w 608 256 512 256 0
g 544 64 544 80 0 0
w 560 64 544 64 0
w 512 256 512 32 0
w 512 32 560 32 0
c 544 -32 608 -32 4 2.2e-10 -24.00118241591423 0.001 0
w 512 32 512 -32 0
w 512 -32 544 -32 0
w 608 -32 640 -32 0
w 640 -32 640 48 0
b -160 -256 744 389 0
x 203 -224 361 -221 4 24 expo\sconverter
a -336 -208 -256 -208 8 12 -12 1000000 -0.000005499920801138832 0 100000
w -144 -208 -208 -208 0
g -352 -192 -352 -176 0 0
r -256 -288 -352 -288 0 22000
w -256 -288 -256 -208 0
w -352 -224 -352 -288 0
w -352 -224 -336 -224 0
w -336 -192 -352 -192 0
r -352 -224 -416 -224 0 100000
r -352 -288 -416 -288 0 100000
g -416 -224 -416 -208 0 0
402 672 688 800 688 1 0\s0\s40\s-12\s0\s0\s0.5 0\s0\s40\s12\s0\s0\s0.5 0\s1\s-10.36314772355603\s0.6198417886469567\s100\sdefault 0\s1\s-0.6198417886469567\s0.619586959111432\s100\sdefault 0\s1\s0\s0.619586959111432\s100\sdefault 0\s1\s-10.586942358006356\s0.6035820471004831\s100\sdefault 0\s1\s-10.59896266569374\s0.5995752778011885\s100\sdefault 0\s-1\s0.6035769764027616\s-0.6033221471759802\s100\sdefault 0\s-1\s0\s-0.6033221471759802\s100\sdefault 0\s-1\s21.596122207125298\s-0.6035769764027616\s100\sdefault 0\s-1\s0.5995702071671385\s-0.5993153780235136\s100\sdefault 0\s-1\s0\s-0.5993153780235136\s100\sdefault 0\s-1\s22.177505913563905\s-0.5995702071671385\s100\sdefault 0\s1\s0\s0.5935649874080475\s100\sdefault 0\s1\s-0.6034136818879148\s0.5935649874080475\s100\sdefault 0\s1\s0.5733701680505199\s0.6034136818879148\s100\sdefault 0\s1\s0\s0.5735594193475702\s100\sdefault 0\s1\s0\s0.5775661886468648\s100\sdefault
w 672 224 672 256 0
w 672 256 784 256 0
w 784 256 784 528 0
w 784 528 1216 528 0
w 784 528 784 656 0
r 640 640 640 576 0 12000
R 640 576 640 544 0 0 40 12 0 0 0.5
w 640 640 640 688 0
w 640 688 672 688 0
174 672 752 608 784 1 1000 0.5891000000000001 Trim LP Offset
g 640 784 640 800 0 0
w 672 752 672 720 0
w 608 752 608 656 0
w 608 656 672 656 0
w 672 720 576 720 0
r 576 720 512 720 0 33000
a 400 720 480 720 8 12 -12 1000000 0.41145351669826147 0.41143320981271236 100000
w 512 720 480 720 0
r 480 640 384 640 0 10000
w 480 640 480 720 0
w 400 704 384 704 0
w 384 704 384 640 0
r 384 640 384 576 0 10000
r 384 736 320 736 0 1000
r 384 736 384 800 0 1000
w 384 736 400 736 0
r 384 640 320 640 0 10000
w 384 576 384 496 0
w 384 496 1376 496 0
w 320 640 288 640 0
w 288 640 288 944 0
w 480 720 480 848 0
w 480 848 1296 848 0
r 480 880 544 880 0 1000
w 480 880 480 848 0
368 544 880 576 880 1 0 HP\sOUT
a 864 720 944 720 8 12 -12 1000000 -11.376391498754558 0 100000
w 832 704 864 704 0
c 864 656 944 656 4 2.2e-10 -12.27471368436951 0.001 0
w 864 704 864 656 0
w 944 704 944 656 0
g 848 736 848 752 0 0
w 864 736 848 736 0
r 944 720 1008 720 0 33000
w 1040 752 1040 656 0
w 1104 752 1104 720 0
g 1072 784 1072 800 0 0
174 1104 752 1040 784 1 1000 0.42080000000000006 Trim BP Offset
w 1008 720 1104 720 0
402 1104 688 1232 688 1 0\s0\s40\s-12\s0\s0\s0.5 0\s0\s40\s12\s0\s0\s0.5 0\s1\s-10.464617137872972\s0.6198417886464505\s100\sdefault 0\s1\s-0.6198417886464505\s0.6195869591119383\s100\sdefault 0\s1\s0\s0.6195869591119383\s100\sdefault 0\s1\s-10.480598371650887\s0.605206904473042\s100\sdefault 0\s1\s-10.503601369850879\s0.5975392383686677\s100\sdefault 0\s-1\s0.6052018337486818\s-0.6049470044960277\s100\sdefault 0\s-1\s0\s-0.6049470044960277\s100\sdefault 0\s-1\s21.579712464365933\s-0.6052018337486818\s100\sdefault 0\s-1\s0.5975341677606814\s-0.597279338388411\s100\sdefault 0\s-1\s0\s-0.597279338388411\s100\sdefault 0\s-1\s10.805215030882541\s-0.5975341677606814\s100\sdefault 0\s1\s0\s0.6049419339731923\s100\sdefault 0\s1\s-0.605196763416167\s0.6049419339731923\s100\sdefault 0\s1\s-10.789832765579007\s0.605196763416167\s100\sdefault 0\s1\s0\s0.5712899080616278\s100\sdefault 0\s1\s0\s0.5789575741660021\s100\sdefault
w 800 688 832 688 0
w 832 688 832 704 0
w 1040 656 1104 656 0
w 1104 688 1072 688 0
w 1072 688 1072 640 0
R 1072 576 1072 544 0 0 40 12 0 0 0.5
r 1072 640 1072 576 0 12000
w 1216 528 1216 656 0
w 1264 688 1264 704 0
w 1232 688 1264 688 0
r 1376 720 1440 720 0 33000
w 1296 736 1280 736 0
g 1280 736 1280 752 0 0
w 1376 720 1376 656 0
w 1296 704 1296 656 0
c 1296 656 1376 656 4 2.2e-10 -2.853731700327681 0.001 0
w 1264 704 1296 704 0
a 1296 720 1376 720 8 12 -12 1000000 -0.00002853703163296048 0 100000
368 1440 720 1472 720 1 0 LP\sOUT
w 1376 496 1376 656 0
r 1376 784 1376 848 0 10000
r 1376 848 1296 848 0 10000
w 1376 784 1376 720 0
a 1440 864 1520 864 8 12 -12 1000000 0.000008229899186773805 0 100000
r 1424 800 1520 800 0 10000
w 1376 848 1424 848 0
w 1424 848 1424 800 0
w 1520 800 1520 864 0
g 1424 880 1424 896 0 0
w 1440 880 1424 880 0
w 1440 848 1424 848 0
r 1520 864 1584 864 0 1000
368 1584 864 1616 864 1 0 NOTCH\sOUT
w 944 704 944 944 0
r 944 944 880 944 0 1000
w 880 944 864 944 0
d 880 960 880 1008 2 default
d 848 1008 848 960 2 default
w 880 960 864 960 0
w 864 960 848 960 0
w 848 1008 864 1008 0
w 864 1008 880 1008 0
w 864 960 864 944 0
g 864 1008 864 1024 0 0
w 864 944 288 944 0
r 560 1024 704 1024 0 1000
402 704 1168 576 1168 1 0\s0\s40\s-12\s0\s0\s0.5 0\s0\s40\s12\s0\s0\s0.5 0\s1\s-11.104947710181323\s0.5654912566643588\s100\sdefault 0\s1\s-0.5654912566643588\s0.5652364279887934\s100\sdefault 0\s1\s0\s0.5652364279887934\s100\sdefault 0\s1\s-10.068888856222632\s0.5652335719108742\s100\sdefault 0\s1\s-10.943659070279896\s0.2729191551207898\s100\sdefault 0\s-1\s0.5652285024088552\s-0.5649736746231628\s100\sdefault 0\s-1\s0\s-0.5649736746231628\s100\sdefault 0\s-1\s21.739605781949358\s-0.5652285024088552\s100\sdefault 0\s-1\s0.2730570532500973\s-0.274689326514741\s100\sdefault 0\s-1\s0\s-0.274689326514741\s100\sdefault 0\s-1\s11.17937928072362\s-0.2730570532500973\s100\sdefault 0\s1\s0\s0.5649686061781374\s100\sdefault 0\s1\s-0.5652234348404885\s0.5649686061781374\s100\sdefault 0\s1\s-11.142682298492916\s0.5652234348404885\s100\sdefault 0\s1\s0\s0.3005014247170503\s100\sdefault 0\s1\s0\s0.5928158415071347\s100\sdefault
w 560 1040 560 1024 0
w 560 1088 576 1088 0
w 544 1088 560 1088 0
w 560 1040 544 1040 0
w 576 1040 560 1040 0
d 544 1088 544 1040 2 default
d 576 1040 576 1088 2 default
w 560 1088 560 1168 0
w 560 1168 576 1168 0
r 736 1120 736 1072 0 12000
R 736 1072 736 1040 0 0 40 12 0 0 0.5
w 704 1168 736 1168 0
w 736 1168 736 1120 0
w 704 1136 768 1136 0
w 704 1200 800 1200 0
w 768 1136 768 1216 0
w 800 1200 800 1024 0
w 800 1024 704 1024 0
r 768 1216 768 1264 0 560
g 768 1264 768 1280 0 0
r 800 1200 880 1200 0 560
w 944 944 944 1200 0
w 880 1200 944 1200 0
r 944 1200 1008 1200 0 1000
368 1008 1200 1040 1200 1 0 BP\sOUT
w 384 800 384 1168 0
w 384 1168 560 1168 0
w 320 736 -208 736 0
w -208 736 -208 -208 0
w -256 -208 -208 -208 0
368 -208 -208 -208 -240 1 0 SIGNAL\s(IN)
b 232 421 1744 1338 0
x 843 453 941 456 4 24 filter\score
r -352 1104 -416 1104 0 200000
r -352 1216 -416 1216 0 100000
w -336 1248 -352 1248 0
w -352 1216 -336 1216 0
w -352 1216 -352 1104 0
w -256 1104 -256 1232 0
r -256 1104 -352 1104 0 200000
a -336 1232 -256 1232 8 12 -12 1000000 0.00006609824770837721 0.00002620229341377783 100000
s -544 1216 -576 1216 0 1 false
w 592 1200 592 1232 0
w 592 1232 -176 1232 0
368 784 256 784 224 1 0 FREQ\sBIAS
r -256 1232 -176 1232 0 22000
r -352 1104 -352 1024 0 100000
g -320 1008 -320 1024 0 0
w -352 1024 -352 1008 0
w -352 1008 -320 1008 0
r -416 1216 -416 1280 0 51000
174 -416 1280 -384 1328 1 100000 0.005 Res CV Scale
g -416 1344 -416 1360 0 0
w -384 1312 -352 1312 0
w -352 1248 -352 1312 0
174 -448 1072 -416 1120 1 100000 0.6287 Res
g -448 1136 -448 1152 0 0
R -448 1072 -448 1040 0 0 40 12 0 0 0.5
w -416 1216 -544 1216 0
172 -576 1216 -608 1216 0 7 0 5 0 0 0.5 Res CV
w -464 -288 -528 -288 0
172 -560 192 -592 192 0 7 0 5 0 0 0.5 Freq CV
s -528 192 -560 192 0 1 false
w -112 192 -528 192 0
368 -464 -288 -464 -320 1 0 IN
w -464 -288 -416 -288 0
o 241 2 0 4098 5 0.1 0 4 241 3 207 0 207 3
o 148 2 0 4098 20 0.1 1 2 148 3
o 201 2 0 4098 10 0.1 2 2 201 3
