$ 1 0.000005 10.20027730826997 50 5 50 5e-11
402 320 240 464 240 1 0\s0\s40\s-12\s0\s0\s0.5 0\s0\s40\s12\s0\s0\s0.5 0\s1\s-10.393803072263884\s0.5512664231065294\s100\sdefault 0\s1\s-0.5512664231065294\s0.551011595040622\s100\sdefault 0\s1\s0\s0.551011595040622\s100\sdefault 0\s1\s-10.864859020802806\s0.5464416165520093\s100\sdefault 0\s1\s-10.992427105457171\s0.5039189095889647\s100\sdefault 0\s-1\s0.5464365490109788\s-0.5461817232231709\s100\sdefault 0\s-1\s0\s-0.5461817232231709\s100\sdefault 0\s-1\s21.814773584975242\s-0.5464365490109788\s100\sdefault 0\s-1\s0.5039138569376131\s-0.5036590376052157\s100\sdefault 0\s-1\s0\s-0.5036590376052157\s100\sdefault 0\s-1\s10.949904398494127\s-0.5039138569376131\s100\sdefault 0\s1\s0\s0.5461766575720652\s100\sdefault 0\s1\s-0.5464314852185428\s0.5461766575720652\s100\sdefault 0\s1\s-10.949914564172436\s0.5464314852185428\s100\sdefault 0\s1\s0\s-0.027577663424777476\s100\sdefault 0\s1\s0\s0.014945043538267106\s100\sdefault
r 224 272 144 272 0 30100
c 224 272 224 368 4 3.3e-10 0.04252270696304458 0.001 0
w 320 272 272 272 0
w 272 272 272 128 0
w 272 128 528 128 0
w 528 128 528 240 0
w 464 240 496 240 0
w 224 272 272 272 0
g 192 368 192 384 0 0
w 224 368 192 368 0
w 320 208 304 208 0
w 304 208 304 368 0
w 304 368 224 368 0
R 96 272 64 272 0 1 400 5 0 0 0.5
r 480 304 480 368 0 60400
w 480 368 304 368 0
w 496 240 528 240 0
w 480 304 480 208 0
w 480 208 448 208 0
w 528 240 576 240 0
r 576 240 656 240 0 100
402 752 448 896 448 1 0\s0\s40\s-12\s0\s0\s0.5 0\s0\s40\s12\s0\s0\s0.5 0\s1\s-10.387989790236183\s0.5531588195235511\s100\sdefault 0\s1\s-0.5531588195235511\s0.5529039913455431\s100\sdefault 0\s1\s0\s0.5529039913455431\s100\sdefault 0\s1\s-10.861284738717162\s0.5483092072710609\s100\sdefault 0\s1\s-10.988394369017705\s0.5059393193480652\s100\sdefault 0\s-1\s0.5483041394820347\s-0.5480493134244657\s100\sdefault 0\s-1\s0\s-0.5480493134244657\s100\sdefault 0\s-1\s21.80730322452828\s-0.5483041394820347\s100\sdefault 0\s-1\s0.5059342653016063\s-0.5056794452273472\s100\sdefault 0\s-1\s0\s-0.5056794452273472\s100\sdefault 0\s-1\s10.988457938057133\s-0.5059342653016063\s100\sdefault 0\s1\s0\s0.5480442473861338\s100\sdefault 0\s1\s-0.5482990751790862\s0.5480442473861338\s100\sdefault 0\s1\s-10.903585028848694\s0.5482990751790862\s100\sdefault 0\s1\s0\s-0.027459749693044523\s100\sdefault 0\s1\s0\s0.014910138229951159\s100\sdefault
w 752 480 720 480 0
w 720 480 720 240 0
w 720 240 656 240 0
w 752 416 656 416 0
r 656 416 592 416 0 1000000
r 656 416 656 480 0 100
174 560 384 592 448 1 100000 0.49010000000000004 FVT
w 656 480 656 544 0
g 656 544 656 560 0 0
R 560 384 560 352 0 0 40 12 0 0 0.5
R 560 448 560 480 0 0 40 -12 0 0 0.5
a 992 464 1088 464 8 15 -15 1000000 -0.00007164858608580574 0 100000
w 992 480 992 544 0
w 992 544 656 544 0
w 992 448 960 448 0
w 960 448 960 384 0
w 960 448 896 448 0
r 960 384 1088 384 0 56000
w 1088 464 1088 384 0
c 960 320 1088 320 4 1e-10 -7.1649302571666595 0.001 0
w 960 320 960 384 0
w 1088 320 1088 384 0
r 1136 464 1232 464 0 100000
r 912 576 912 640 0 10000
w 912 576 912 416 0
w 912 416 880 416 0
t 880 688 912 688 1 -1 8.3995637041516 -0.553163888562035 100 default
w 912 640 912 672 0
w 880 688 848 688 0
d 848 688 848 752 2 1N4148
w 912 704 912 752 0
w 848 752 912 752 0
c 784 688 784 752 4 3.3e-10 -0.553163888562035 0.001 0
w 848 688 784 688 0
w 848 752 784 752 0
a 640 688 736 688 8 15 -15 1000000 0.000005531583569784653 0 100000
w 736 688 784 688 0
g 624 704 624 720 0 0
w 640 704 624 704 0
w 640 672 592 672 0
w 784 752 592 752 0
w 592 752 592 672 0
r 592 672 512 672 0 60400
R 448 720 448 688 0 0 40 12 0 0 0.5
174 480 640 512 704 1 100000 0.9950000000000001 CV
g 448 624 448 640 0 0
w 1088 464 1136 464 0
w 448 720 480 720 0
w 480 704 480 720 0
w 480 640 480 624 0
w 448 624 480 624 0
w 144 272 96 272 0
368 96 272 96 224 1 0 Input
368 1136 464 1136 416 1 0 Output
o 75 2 0 4098 5 0.1 0 2 75 3 Input
o 76 2 0 4098 10 0.1 1 2 76 3 Output
